dt value: 0.5
0.0160044
0.0160044
0.0160044
0.0160044
0.0160044
0.0160044
0.0160044
0.0160044
0.0160044
0.0160044
0.0160044
0.0160044
0.0160044
0.0160044
0.0160044
0.0160044
0.0160044
0.0160044
0.0160044
0.0160044
0.0160044
0.0160044
0.0160044
0.0160044
0.0160044
0.0160044
0.0160044
0.0160044
0.0160044
0.0160044
0.0160044
0.0160044
0.0160044
0.0160044
0.0160044
0.0160044
0.0160044
0.0160044
0.0160044
0.0160044
0.0160044
0.0160044
0.0160044
0.0160044
0.0160044
0.0160044
0.0160044
0.0160044
0.0160044
0.0160044
0.0160044
0.0160044
0.0160044
0.0160044
0.0160044
0.0160044
0.0160044
0.0160044
0.0160044
0.0160044
0.0160044
0.0160044
0.0160044
0.0160044
0.0160044
0.0160044
0.0160044
0.0160044
0.0160044
0.0160044
0.0160044
0.0160044
0.0160044
0.0160044
0.0160044
0.0160044
0.0160044
0.0160044
0.0160044
0.0160044
0.0160044
0.0160044
0.0160044
0.0160044
0.0160044
0.0160043
0.0160041
0.0160039
0.0160043
0.0160051
0.0160058
0.0160062
0.0160064
0.0160065
0.0160066
0.0160066
0.0160066
0.0160066
0.0160067
0.0160066
0.0160067
0.0160067
0.0160067
0.0160067
0.0160067
0.0160067
0.0160067
0.0160067
0.0160067
0.0160067
0.0160067
0.0160067
0.0160067
0.0160067
0.0160067
0.0160067
0.0160067
0.0160067
0.0160067
0.0160067
0.0160067
0.0160067
0.0160067
0.0160067
0.0160067
0.0160067
0.0160067
0.0160067
0.0160067
0.0160067
0.0160067
0.0160067
0.0160067
0.0160067
0.0160067
0.0160067
0.0160067
0.0160067
0.0160067
0.0160067
0.0160067
0.0160067
0.0160067
0.0160067
0.0160067
0.0160067
0.0160067
0.0160067
0.0160067
0.0160067
0.0160067
0.0160067
0.0160067
0.0160067
0.0160067
0.0160067
0.0160067
0.0160067
0.0160067
0.0160067
0.0160067
0.0160067
0.0160067
0.0160067
0.0160067
0.0160067
0.0160067
0.0160067
0.0160067
0.0160067
0.0160067
0.0160067
0.0160067
0.0160067
0.0160067
0.0160067
0.0160067
0.0160067
0.0160067
0.0160067
0.0160067
0.0160067
0.0160067
0.0160067
0.0160067
0.0160067
0.0160067
0.0160067
0.0160067
0.0160067
0.0160067
0.0160067
0.0160067
0.0160067
0.0160067
0.0160067
0.0160067
0.0160067
0.0160067
0.0160067
0.0160067
0.0160067
0.0160067
0.0160067
0.0160067
0.0160067
0.0160067
0.0160067
0.0160067
0.0160067
0.0160067
0.0160067
0.0160067
0.0160067
0.0160067
0.0160067
0.0160067
0.0160067
0.0160067
0.0160067
0.0160067
0.0160067
0.0160067
0.0160067
0.0160067
0.0160067
0.0160067
0.0160067
0.0160067
0.0160067
0.0160067
0.0160067
0.0160067
0.0160067
0.0160067
0.0160067
0.0160067
0.0160067
0.0160067
0.0160067
0.0160067
0.0160067
0.0160067
0.0160067
0.0160067
0.0160067
0.0160067
0.0160067
0.0160067
0.0160067
0.0160067
0.0160067
0.0160067
0.0160067
0.0160067
0.0160067
0.0160067
0.0160067
0.0160067
0.0160067
0.0160067
0.0160067
0.0160067
0.0160067
0.0160067
0.0160067
0.0160067
0.0160067
0.0160067
0.0160067
0.0160067
0.0160067
0.0160067
0.0160067
0.0160067
0.0160067
0.0160066
0.0160066
0.0160066
0.0160066
0.0160066
0.0160065
0.0160064
0.0160062
0.0160065
0.0160071
0.0160079
0.0160084
0.0160087
0.0160088
0.0160088
0.0160089
0.0160089
0.0160089
0.0160089
0.0160089
0.0160089
0.0160089
0.0160089
0.0160089
0.0160089
0.0160089
0.0160089
0.0160089
0.0160089
0.0160089
0.0160089
0.0160089
0.0160089
0.0160089
0.0160089
0.0160089
0.0160089
0.0160089
0.0160089
0.0160089
0.0160089
0.0160089
0.0160089
0.0160089
0.0160089
0.0160089
0.0160089
0.0160089
0.0160089
0.0160089
0.0160089
0.0160089
0.0160089
0.0160089
0.0160089
0.0160089
0.0160089
0.0160089
0.0160089
0.0160089
0.0160089
0.0160089
0.0160089
0.0160089
0.0160089
0.0160089
0.0160089
0.0160089
0.0160089
0.0160089
0.0160089
0.0160089
0.0160089
0.0160089
0.0160089
0.0160089
0.0160089
0.0160089
0.0160089
0.0160089
0.0160089
0.0160089
0.0160089
0.0160089
0.0160089
0.0160089
0.0160089
0.0160089
0.0160089
0.0160089
0.0160089
0.0160089
0.0160089
0.0160089
0.0160089
0.0160089
0.0160089
0.0160089
0.0160089
0.0160089
0.0160089
0.0160089
0.0160089
0.0160089
0.0160089
0.0160089
0.0160089
0.0160089
0.0160089
0.0160089
0.0160089
0.0160089
0.0160089
0.0160089
0.0160089
0.0160089
0.0160089
0.0160089
0.0160089
0.0160089
0.0160089
0.0160089
0.0160089
0.0160089
0.0160089
0.0160089
0.0160089
0.0160089
0.0160089
0.0160089
0.0160089
0.0160089
0.0160089
0.0160089
0.0160089
0.0160089
0.0160089
0.0160089
0.0160089
0.0160089
0.0160089
0.0160089
0.0160089
0.0160089
0.0160089
0.0160089
0.0160089
0.0160089
0.0160089
0.0160089
0.0160089
0.0160089
0.0160089
0.0160089
0.0160089
0.0160089
0.0160089
0.0160089
0.0160089
0.0160089
0.0160089
0.0160089
0.0160089
0.0160089
0.0160089
0.0160089
0.0160089
0.0160089
0.0160089
0.0160089
0.0160089
0.0160089
0.0160089
0.0160089
0.0160089
0.0160089
0.0160089
0.0160089
0.0160089
0.0160089
0.0160089
0.0160089
0.0160089
0.0160089
0.0160089
0.0160089
0.0160089
0.0160089
0.0160089
0.0160089
0.0160089
0.0160089
0.0160089
0.0160089
0.0160089
0.0160089
0.0160089
0.0160089
0.0160089
0.0160089
0.0160089
0.0160088
0.0160087
0.0160085
0.0160086
0.0160092
0.0160101
0.0160106
0.0160109
0.016011
0.0160111
0.0160111
0.0160112
0.0160112
0.0160112
0.0160112
0.0160112
0.0160112
0.0160112
0.0160112
0.0160112
0.0160112
0.0160112
0.0160112
0.0160112
0.0160112
0.0160112
0.0160112
0.0160112
0.0160112
0.0160112
0.0160112
0.0160112
0.0160112
0.0160112
0.0160112
0.0160112
0.0160112
0.0160112
0.0160112
0.0160112
0.0160112
0.0160112
0.0160112
0.0160112
0.0160112
0.0160112
0.0160112
0.0160112
0.0160112
0.0160112
0.0160112
0.0160112
0.0160112
0.0160112
0.0160112
0.0160112
0.0160112
0.0160112
0.0160112
0.0160112
0.0160112
0.0160112
0.0160112
0.0160112
0.0160112
0.0160112
0.0160112
0.0160112
0.0160112
0.0160112
0.0160112
0.0160112
0.0160112
0.0160112
0.0160112
0.0160112
0.0160112
0.0160112
0.0160112
0.0160112
0.0160112
0.0160112
0.0160112
0.0160112
0.0160112
0.0160112
0.0160112
0.0160112
0.0160112
0.0160112
0.0160112
0.0160112
0.0160112
0.0160112
0.0160112
0.0160112
0.0160112
0.0160112
0.0160112
0.0160112
0.0160112
0.0160112
0.0160112
0.0160112
0.0160112
0.0160112
0.0160112
0.0160112
0.0160112
0.0160112
0.0160112
0.0160112
0.0160112
0.0160112
0.0160112
0.0160112
0.0160112
0.0160112
0.0160112
0.0160112
0.0160112
0.0160112
0.0160112
0.0160112
0.0160112
0.0160112
0.0160112
0.0160112
0.0160112
0.0160112
0.0160112
0.0160112
0.0160112
0.0160112
0.0160112
0.0160112
0.0160112
0.0160112
0.0160112
0.0160112
0.0160112
0.0160112
0.0160112
0.0160112
0.0160112
0.0160112
0.0160112
0.0160112
0.0160112
0.0160112
0.0160112
0.0160112
0.0160112
0.0160112
0.0160112
0.0160112
0.0160112
0.0160112
0.0160112
0.0160112
0.0160112
0.0160112
0.0160112
0.0160112
0.0160112
0.0160112
0.0160112
0.0160112
0.0160112
0.0160112
0.0160112
0.0160112
0.0160112
0.0160112
0.0160112
0.0160112
0.0160112
0.0160112
0.0160112
0.0160112
0.0160112
0.0160112
0.0160112
0.0160112
0.0160112
0.0160112
0.0160112
0.0160112
0.0160112
0.0160112
0.0160112
0.0160112
0.0160112
0.0160112
0.0160112
0.0160111
0.0160111
0.016011
0.0160108
0.0160108
0.0160114
0.0160122
0.0160128
0.0160132
0.0160133
0.0160134
0.0160134
0.0160134
0.0160134
0.0160134
0.0160135
0.0160134
0.0160135
0.0160135
0.0160135
0.0160135
0.0160135
0.0160135
0.0160135
0.0160135
0.0160135
0.0160135
0.0160135
0.0160135
0.0160135
0.0160135
0.0160135
0.0160135
0.0160135
0.0160135
0.0160135
0.0160135
0.0160135
0.0160135
0.0160135
0.0160135
0.0160135
0.0160135
0.0160135
0.0160135
0.0160135
0.0160135
0.0160135
0.0160135
0.0160135
0.0160135
0.0160135
0.0160135
0.0160135
0.0160135
0.0160135
0.0160135
0.0160135
0.0160135
0.0160135
0.0160135
0.0160135
0.0160135
0.0160135
0.0160135
0.0160135
0.0160135
0.0160135
0.0160135
0.0160135
0.0160135
0.0160135
0.0160135
0.0160135
0.0160135
0.0160135
0.0160135
0.0160135
0.0160135
0.0160135
0.0160135
0.0160135
0.0160135
0.0160135
0.0160135
0.0160135
0.0160135
0.0160135
0.0160135
0.0160135
0.0160135
0.0160135
0.0160135
0.0160135
0.0160135
0.0160135
0.0160135
0.0160135
0.0160135
0.0160135
0.0160135
0.0160135
0.0160135
0.0160135
0.0160135
0.0160135
0.0160135
0.0160135
0.0160135
0.0160135
0.0160135
0.0160135
0.0160135
0.0160135
0.0160135
0.0160135
0.0160135
0.0160135
0.0160135
0.0160135
0.0160135
0.0160135
0.0160135
0.0160135
0.0160135
0.0160135
0.0160135
0.0160135
0.0160135
0.0160135
0.0160135
0.0160135
0.0160135
0.0160135
0.0160135
0.0160135
0.0160135
0.0160135
0.0160135
0.0160135
0.0160135
0.0160135
0.0160135
0.0160135
0.0160135
0.0160135
0.0160135
0.0160135
0.0160135
0.0160135
0.0160135
0.0160135
0.0160135
0.0160135
0.0160135
0.0160135
0.0160135
0.0160135
0.0160135
0.0160135
0.0160135
0.0160135
0.0160135
0.0160135
0.0160135
0.0160135
0.0160135
0.0160135
0.0160135
0.0160135
0.0160135
0.0160135
0.0160135
0.0160135
0.0160135
0.0160135
0.0160135
0.0160135
0.0160135
0.0160135
0.0160135
0.0160135
0.0160135
0.0160135
0.0160135
0.0160135
0.0160135
0.0160135
0.0160135
0.0160135
0.0160135
0.0160135
0.0160134
0.0160134
0.0160134
0.0160134
0.0160134
0.0160134
0.0160133
0.0160131
0.0160131
0.0160136
0.0160144
0.0160151
0.0160154
0.0160156
0.0160156
0.0160157
0.0160157
0.0160157
0.0160157
0.0160157
0.0160157
0.0160157
0.0160157
0.0160157
0.0160157
0.0160157
0.0160157
0.0160157
0.0160157
0.0160157
0.0160157
0.0160157
0.0160157
0.0160157
0.0160157
0.0160157
0.0160157
0.0160158
0.0160157
0.0160157
0.0160157
0.0160158
0.0160158
0.0160158
0.0160157
0.0160158
0.0160157
0.0160157
0.0160157
0.0160157
0.0160157
0.0160157
0.0160157
0.0160157
0.0160157
0.0160157
0.0160157
0.0160157
0.0160157
0.0160157
0.0160157
0.0160157
0.0160157
0.0160157
0.0160157
0.0160157
0.0160157
0.0160157
0.0160157
0.0160157
0.0160157
0.0160158
0.0160157
0.0160157
0.0160157
0.0160157
0.0160157
0.0160157
0.0160157
0.0160157
0.0160157
0.0160157
0.0160157
0.0160157
0.0160157
0.0160158
0.0160157
0.0160157
0.0160157
0.0160157
0.0160157
0.0160158
0.0160157
0.0160157
0.0160157
0.0160157
0.0160158
0.0160157
0.0160157
0.0160157
0.0160158
0.0160157
0.0160157
0.0160157
0.0160157
0.0160157
0.0160157
0.0160157
0.0160157
0.0160157
0.0160157
0.0160157
0.0160157
0.0160157
0.0160157
0.0160157
0.0160157
0.0160157
0.0160157
0.0160157
0.0160157
0.0160157
0.0160157
0.0160158
0.0160157
0.0160157
0.0160157
0.0160157
0.0160157
0.0160157
0.0160157
0.0160158
0.0160158
0.0160157
0.0160158
0.0160157
0.0160157
0.0160157
0.0160157
0.0160158
0.0160157
0.0160157
0.0160157
0.0160157
0.0160157
0.0160157
0.0160157
0.0160157
0.0160157
0.0160157
0.0160157
0.0160157
0.0160157
0.0160157
0.0160157
0.0160157
0.0160157
0.0160157
0.0160157
0.0160157
0.0160157
0.0160157
0.0160157
0.0160157
0.0160157
0.0160157
0.0160157
0.0160157
0.0160157
0.0160157
0.0160157
0.0160157
0.0160157
0.0160157
0.0160157
0.0160157
0.0160157
0.0160157
0.0160157
0.0160157
0.0160157
0.0160157
0.0160157
0.0160157
0.0160157
0.0160157
0.0160157
0.0160157
0.0160157
0.0160157
0.0160157
0.0160157
0.0160157
0.0160157
0.0160157
0.0160157
0.0160157
0.0160157
0.0160157
0.0160157
0.0160157
0.0160157
0.0160155
0.0160153
0.0160153
0.0160158
0.0160167
0.0160173
0.0160176
0.0160178
0.0160179
0.0160179
0.0160179
0.016018
0.016018
0.016018
0.016018
0.016018
0.016018
0.016018
0.016018
0.016018
0.016018
0.016018
0.016018
0.016018
0.016018
0.016018
0.016018
0.016018
0.016018
0.016018
0.016018
0.016018
0.016018
0.016018
0.016018
0.016018
0.016018
0.016018
0.016018
0.016018
0.016018
0.016018
0.016018
0.016018
0.016018
0.016018
0.016018
0.016018
0.016018
0.016018
0.016018
0.016018
0.016018
0.016018
0.016018
0.016018
0.016018
0.016018
0.016018
0.016018
0.016018
0.016018
0.016018
0.016018
0.016018
0.016018
0.016018
0.016018
0.016018
0.016018
0.016018
0.016018
0.016018
0.016018
0.016018
0.016018
0.016018
0.016018
0.016018
0.016018
0.016018
0.016018
0.016018
0.016018
0.016018
0.016018
0.016018
0.016018
0.016018
0.016018
0.016018
0.016018
0.016018
0.016018
0.016018
0.016018
0.016018
0.016018
0.016018
0.016018
0.016018
0.016018
0.016018
0.016018
0.016018
0.016018
0.016018
0.016018
0.016018
0.016018
0.016018
0.016018
0.016018
0.016018
0.016018
0.016018
0.016018
0.016018
0.016018
0.016018
0.016018
0.016018
0.016018
0.016018
0.016018
0.016018
0.016018
0.016018
0.016018
0.016018
0.016018
0.016018
0.016018
0.016018
0.016018
0.016018
0.016018
0.016018
0.016018
0.016018
0.016018
0.016018
0.016018
0.016018
0.016018
0.016018
0.016018
0.016018
0.016018
0.016018
0.016018
0.016018
0.016018
0.016018
0.016018
0.016018
0.016018
0.016018
0.016018
0.016018
0.016018
0.016018
0.016018
0.016018
0.016018
0.016018
0.016018
0.016018
0.016018
0.016018
0.016018
0.016018
0.016018
0.016018
0.016018
0.016018
0.016018
0.016018
0.016018
0.016018
0.016018
0.016018
0.016018
0.016018
0.016018
0.016018
0.016018
0.016018
0.016018
0.016018
0.016018
0.016018
0.016018
0.0160179
0.016018
0.0160179
0.0160178
0.0160176
0.0160176
0.0160181
0.0160189
0.0160195
0.0160199
0.0160201
0.0160202
0.0160202
0.0160202
0.0160202
0.0160202
0.0160202
0.0160202
0.0160203
0.0160203
0.0160203
0.0160203
0.0160203
0.0160203
0.0160203
0.0160203
0.0160203
0.0160203
0.0160203
0.0160203
0.0160203
0.0160203
0.0160203
0.0160203
0.0160203
0.0160203
0.0160203
0.0160203
0.0160203
0.0160203
0.0160203
0.0160203
0.0160203
0.0160203
0.0160203
0.0160203
0.0160203
0.0160203
0.0160203
0.0160203
0.0160203
0.0160203
0.0160203
0.0160203
0.0160203
0.0160203
0.0160203
0.0160203
0.0160203
0.0160203
0.0160203
0.0160203
0.0160203
0.0160203
0.0160203
0.0160203
0.0160203
0.0160203
0.0160203
0.0160203
0.0160203
0.0160203
0.0160203
0.0160203
0.0160203
0.0160203
0.0160203
0.0160203
0.0160203
0.0160203
0.0160203
0.0160203
0.0160203
0.0160203
0.0160203
0.0160203
0.0160203
0.0160203
0.0160203
0.0160203
0.0160203
0.0160203
0.0160203
0.0160203
0.0160203
0.0160203
0.0160203
0.0160203
0.0160203
0.0160203
0.0160203
0.0160203
0.0160203
0.0160203
0.0160203
0.0160203
0.0160203
0.0160203
0.0160203
0.0160203
0.0160203
0.0160203
0.0160203
0.0160203
0.0160203
0.0160203
0.0160203
0.0160203
0.0160203
0.0160203
0.0160203
0.0160203
0.0160203
0.0160203
0.0160203
0.0160203
0.0160203
0.0160203
0.0160203
0.0160203
0.0160203
0.0160203
0.0160203
0.0160203
0.0160203
0.0160203
0.0160203
0.0160203
0.0160203
0.0160203
0.0160203
0.0160203
0.0160203
0.0160203
0.0160203
0.0160203
0.0160203
0.0160203
0.0160203
0.0160203
0.0160203
0.0160203
0.0160203
0.0160203
0.0160203
0.0160203
0.0160203
0.0160203
0.0160203
0.0160203
0.0160203
0.0160203
0.0160203
0.0160203
0.0160203
0.0160203
0.0160203
0.0160203
0.0160203
0.0160203
0.0160203
0.0160203
0.0160203
0.0160203
0.0160203
0.0160203
0.0160203
0.0160203
0.0160203
0.0160203
0.0160203
0.0160203
0.0160203
0.0160203
0.0160203
0.0160203
0.0160203
0.0160203
0.0160202
0.0160203
0.0160202
0.0160203
0.0160202
0.0160202
0.0160202
0.0160202
0.0160202
0.0160202
0.0160202
0.0160201
0.0160199
0.0160198
0.0160203
0.0160212
0.0160218
0.0160222
0.0160223
0.0160224
0.0160224
0.0160225
0.0160225
0.0160225
0.0160225
0.0160225
0.0160225
0.0160225
0.0160225
0.0160225
0.0160225
0.0160225
0.0160225
0.0160225
0.0160225
0.0160225
0.0160225
0.0160225
0.0160225
0.0160225
0.0160225
0.0160225
0.0160225
0.0160225
0.0160225
0.0160225
0.0160225
0.0160225
0.0160225
0.0160225
0.0160225
0.0160225
0.0160225
0.0160225
0.0160225
0.0160225
0.0160225
0.0160225
0.0160225
0.0160225
0.0160225
0.0160225
0.0160225
0.0160225
0.0160225
0.0160225
0.0160225
0.0160225
0.0160225
0.0160225
0.0160225
0.0160225
0.0160225
0.0160225
0.0160225
0.0160225
0.0160225
0.0160225
0.0160225
0.0160225
0.0160225
0.0160225
0.0160225
0.0160225
0.0160225
0.0160225
0.0160225
0.0160225
0.0160225
0.0160225
0.0160225
0.0160225
0.0160225
0.0160225
0.0160225
0.0160225
0.0160225
0.0160225
0.0160225
0.0160225
0.0160225
0.0160225
0.0160225
0.0160225
0.0160225
0.0160225
0.0160225
0.0160225
0.0160225
0.0160225
0.0160225
0.0160225
0.0160225
0.0160225
0.0160225
0.0160225
0.0160225
0.0160225
0.0160225
0.0160225
0.0160225
0.0160225
0.0160225
0.0160225
0.0160225
0.0160225
0.0160225
0.0160225
0.0160225
0.0160225
0.0160225
0.0160225
0.0160225
0.0160225
0.0160225
0.0160225
0.0160225
0.0160225
0.0160225
0.0160225
0.0160225
0.0160225
0.0160225
0.0160225
0.0160225
0.0160225
0.0160225
0.0160225
0.0160225
0.0160225
0.0160225
0.0160225
0.0160225
0.0160225
0.0160225
0.0160225
0.0160225
0.0160225
0.0160225
0.0160225
0.0160225
0.0160225
0.0160225
0.0160225
0.0160225
0.0160225
0.0160225
0.0160225
0.0160225
0.0160225
0.0160225
0.0160225
0.0160225
0.0160225
0.0160225
0.0160225
0.0160225
0.0160225
0.0160225
0.0160225
0.0160225
0.0160225
0.0160225
0.0160225
0.0160225
0.0160225
0.0160225
0.0160225
0.0160225
0.0160225
0.0160225
0.0160225
0.0160225
0.0160225
0.0160225
0.0160225
0.0160225
0.0160225
0.0160225
0.0160225
0.0160225
0.0160225
0.0160225
0.0160225
0.0160225
0.0160225
0.0160224
0.0160223
0.0160221
0.0160221
0.0160227
0.0160235
0.0160241
0.0160245
0.0160246
0.0160247
0.0160247
0.0160247
0.0160247
0.0160248
0.0160247
0.0160248
0.0160248
0.0160248
0.0160248
0.0160248
0.0160248
0.0160248
0.0160248
0.0160248
0.0160248
0.0160248
0.0160248
0.0160248
0.0160248
0.0160248
0.0160248
0.0160248
0.0160248
0.0160248
0.0160248
0.0160248
0.0160248
0.0160248
0.0160248
0.0160248
0.0160248
0.0160248
0.0160248
0.0160248
0.0160248
0.0160248
0.0160248
0.0160248
0.0160248
0.0160248
0.0160248
0.0160248
0.0160248
0.0160248
0.0160248
0.0160248
0.0160248
0.0160248
0.0160248
0.0160248
0.0160248
0.0160248
0.0160248
0.0160248
0.0160248
0.0160248
0.0160248
0.0160248
0.0160248
0.0160248
0.0160248
0.0160248
0.0160248
0.0160248
0.0160248
0.0160248
0.0160248
0.0160248
0.0160248
0.0160248
0.0160248
0.0160248
0.0160248
0.0160248
0.0160248
0.0160248
0.0160248
0.0160248
0.0160248
0.0160248
0.0160248
0.0160248
0.0160248
0.0160248
0.0160248
0.0160248
0.0160248
0.0160248
0.0160248
0.0160248
0.0160248
0.0160248
0.0160248
0.0160248
0.0160248
0.0160248
0.0160248
0.0160248
0.0160248
0.0160248
0.0160248
0.0160248
0.0160248
0.0160248
0.0160248
0.0160248
0.0160248
0.0160248
0.0160248
0.0160248
0.0160248
0.0160248
0.0160248
0.0160248
0.0160248
0.0160248
0.0160248
0.0160248
0.0160248
0.0160248
0.0160248
0.0160248
0.0160248
0.0160248
0.0160248
0.0160248
0.0160248
0.0160248
0.0160248
0.0160248
0.0160248
0.0160248
0.0160248
0.0160248
0.0160248
0.0160248
0.0160248
0.0160248
0.0160248
0.0160248
0.0160248
0.0160248
0.0160248
0.0160248
0.0160248
0.0160248
0.0160248
0.0160248
0.0160248
0.0160248
0.0160248
0.0160248
0.0160248
0.0160248
0.0160248
0.0160248
0.0160248
0.0160248
0.0160248
0.0160248
0.0160248
0.0160248
0.0160248
0.0160248
0.0160248
0.0160248
0.0160248
0.0160248
0.0160248
0.0160248
0.0160248
0.0160248
0.0160248
0.0160248
0.0160248
0.0160248
0.0160248
0.0160248
0.0160248
0.0160248
0.0160248
0.0160248
0.0160247
0.0160247
0.0160247
0.0160247
0.0160247
0.0160245
0.0160243
0.0160244
0.016025
0.0160258
0.0160264
0.0160267
0.0160269
0.0160269
0.016027
0.016027
0.016027
0.016027
0.016027
0.016027
0.016027
0.016027
0.016027
0.016027
0.016027
0.016027
0.016027
0.016027
0.016027
0.016027
0.016027
0.016027
0.016027
0.016027
0.016027
0.016027
0.016027
0.016027
0.016027
0.016027
0.016027
0.016027
0.016027
0.016027
0.016027
0.016027
0.016027
0.016027
0.016027
0.016027
0.016027
0.016027
0.016027
0.016027
0.016027
0.016027
0.016027
0.016027
0.016027
0.016027
0.016027
0.016027
0.016027
0.016027
0.016027
0.016027
0.016027
0.016027
0.016027
0.016027
0.016027
0.016027
0.016027
0.016027
0.016027
0.016027
0.016027
0.016027
0.016027
0.016027
0.016027
0.016027
0.016027
0.016027
0.016027
0.016027
0.016027
0.016027
0.016027
0.016027
0.016027
0.016027
0.016027
0.016027
0.016027
0.016027
0.016027
0.016027
0.016027
0.016027
0.016027
0.016027
0.016027
0.016027
0.016027
0.016027
0.016027
0.016027
0.016027
0.016027
0.016027
0.016027
0.016027
0.016027
0.016027
0.016027
0.016027
0.016027
0.016027
0.016027
0.016027
0.016027
0.016027
0.016027
0.016027
0.016027
0.016027
0.016027
0.016027
0.016027
0.016027
0.016027
0.016027
0.016027
0.016027
0.016027
0.016027
0.016027
0.016027
0.016027
0.016027
0.016027
0.016027
0.016027
0.016027
0.016027
0.016027
0.016027
0.016027
0.016027
0.016027
0.016027
0.016027
0.016027
0.016027
0.016027
0.016027
0.016027
0.016027
0.016027
0.016027
0.016027
0.016027
0.016027
0.016027
0.016027
0.016027
0.016027
0.016027
0.016027
0.016027
0.016027
0.016027
0.016027
0.016027
0.016027
0.016027
0.016027
0.016027
0.016027
0.016027
0.016027
0.016027
0.016027
0.016027
0.016027
0.016027
0.016027
0.016027
0.016027
0.016027
0.016027
0.016027
0.016027
0.016027
0.016027
0.016027
0.016027
0.016027
0.016027
0.0160269
0.0160268
0.0160266
0.0160267
0.0160274
0.0160282
0.0160288
0.016029
0.0160292
0.0160292
0.0160293
0.0160293
0.0160293
0.0160293
0.0160293
0.0160293
0.0160293
0.0160293
0.0160293
0.0160293
0.0160293
0.0160293
0.0160293
0.0160293
0.0160293
0.0160293
0.0160293
0.0160293
0.0160293
0.0160293
0.0160293
0.0160293
0.0160293
0.0160293
0.0160293
0.0160293
0.0160293
0.0160293
0.0160293
0.0160293
0.0160293
0.0160293
0.0160293
0.0160293
0.0160293
0.0160293
0.0160293
0.0160293
0.0160293
0.0160293
0.0160293
0.0160293
0.0160293
0.0160293
0.0160293
0.0160293
0.0160293
0.0160293
0.0160293
0.0160293
0.0160293
0.0160293
0.0160293
0.0160293
0.0160293
0.0160293
0.0160293
0.0160293
0.0160293
0.0160293
0.0160293
0.0160293
0.0160293
0.0160293
0.0160293
0.0160293
0.0160293
0.0160293
0.0160293
0.0160293
0.0160293
0.0160293
0.0160293
0.0160293
0.0160293
0.0160293
0.0160293
0.0160293
0.0160293
0.0160293
0.0160293
0.0160293
0.0160293
0.0160293
0.0160293
0.0160293
0.0160293
0.0160293
0.0160293
0.0160293
0.0160293
0.0160293
0.0160293
0.0160293
0.0160293
0.0160293
0.0160293
0.0160293
0.0160293
0.0160293
0.0160293
0.0160293
0.0160293
0.0160293
0.0160293
0.0160293
0.0160293
0.0160293
0.0160293
0.0160293
0.0160293
0.0160293
0.0160293
0.0160293
0.0160293
0.0160293
0.0160293
0.0160293
0.0160293
0.0160293
0.0160293
0.0160293
0.0160293
0.0160293
0.0160293
0.0160293
0.0160293
0.0160293
0.0160293
0.0160293
0.0160293
0.0160293
0.0160293
0.0160293
0.0160293
0.0160293
0.0160293
0.0160293
0.0160293
0.0160293
0.0160293
0.0160293
0.0160293
0.0160293
0.0160293
0.0160293
0.0160293
0.0160293
0.0160293
0.0160293
0.0160293
0.0160293
0.0160293
0.0160293
0.0160293
0.0160293
0.0160293
0.0160293
0.0160293
0.0160293
0.0160293
0.0160293
0.0160293
0.0160293
0.0160293
0.0160293
0.0160293
0.0160293
0.0160293
0.0160293
0.0160293
0.0160293
0.0160293
0.0160293
0.0160293
0.0160293
0.0160293
0.0160293
0.0160293
0.0160293
0.0160293
0.0160293
0.0160293
0.0160293
0.0160293
0.0160293
0.0160292
0.016029
0.0160289
0.0160291
0.0160298
0.0160306
0.0160311
0.0160313
0.0160314
0.0160315
0.0160315
0.0160315
0.0160315
0.0160316
0.0160316
0.0160315
0.0160316
0.0160316
0.0160316
0.0160316
0.0160316
0.0160316
0.0160316
0.0160316
0.0160316
0.0160316
0.0160316
0.0160316
0.0160316
0.0160316
0.0160316
0.0160316
0.0160316
0.0160316
0.0160316
0.0160316
0.0160316
0.0160316
0.0160316
0.0160316
0.0160316
0.0160316
0.0160316
0.0160316
0.0160316
0.0160316
0.0160316
0.0160316
0.0160316
0.0160316
0.0160316
0.0160316
0.0160316
0.0160316
0.0160316
0.0160316
0.0160316
0.0160316
0.0160316
0.0160316
0.0160316
0.0160316
0.0160316
0.0160316
0.0160316
0.0160316
0.0160316
0.0160316
0.0160316
0.0160316
0.0160316
0.0160316
0.0160316
0.0160316
0.0160316
0.0160316
0.0160316
0.0160316
0.0160316
0.0160316
0.0160316
0.0160316
0.0160316
0.0160316
0.0160316
0.0160316
0.0160316
0.0160316
0.0160316
0.0160316
0.0160316
0.0160316
0.0160316
0.0160316
0.0160316
0.0160316
0.0160316
0.0160316
0.0160316
0.0160316
0.0160316
0.0160316
0.0160316
0.0160316
0.0160316
0.0160316
0.0160316
0.0160316
0.0160316
0.0160316
0.0160316
0.0160316
0.0160316
0.0160316
0.0160316
0.0160316
0.0160316
0.0160316
0.0160316
0.0160316
0.0160316
0.0160316
0.0160316
0.0160316
0.0160316
0.0160316
0.0160316
0.0160316
0.0160316
0.0160316
0.0160316
0.0160316
0.0160316
0.0160316
0.0160316
0.0160316
0.0160316
0.0160316
0.0160316
0.0160316
0.0160316
0.0160316
0.0160316
0.0160316
0.0160316
0.0160316
0.0160316
0.0160316
0.0160316
0.0160316
0.0160316
0.0160316
0.0160316
0.0160316
0.0160316
0.0160316
0.0160316
0.0160316
0.0160316
0.0160316
0.0160316
0.0160316
0.0160316
0.0160316
0.0160316
0.0160316
0.0160316
0.0160316
0.0160316
0.0160316
0.0160316
0.0160316
0.0160316
0.0160316
0.0160316
0.0160316
0.0160316
0.0160316
0.0160316
0.0160316
0.0160316
0.0160316
0.0160316
0.0160316
0.0160316
0.0160316
0.0160316
0.0160316
0.0160315
0.0160316
0.0160315
0.0160315
0.0160315
0.0160315
0.0160315
0.0160315
0.0160314
0.0160312
0.0160311
0.0160315
0.0160322
0.0160329
0.0160334
0.0160336
0.0160337
0.0160337
0.0160337
0.0160338
0.0160338
0.0160338
0.0160338
0.0160338
0.0160338
0.0160338
0.0160338
0.0160338
0.0160338
0.0160338
0.0160338
0.0160338
0.0160338
0.0160338
0.0160338
0.0160338
0.0160338
0.0160338
0.0160338
0.0160338
0.0160338
0.0160338
0.0160338
0.0160338
0.0160338
0.0160338
0.0160338
0.0160338
0.0160338
0.0160338
0.0160338
0.0160338
0.0160338
0.0160338
0.0160338
0.0160338
0.0160338
0.0160338
0.0160338
0.0160338
0.0160338
0.0160338
0.0160338
0.0160338
0.0160338
0.0160338
0.0160338
0.0160338
0.0160338
0.0160338
0.0160338
0.0160338
0.0160338
0.0160338
0.0160338
0.0160338
0.0160338
0.0160338
0.0160338
0.0160338
0.0160338
0.0160338
0.0160338
0.0160338
0.0160338
0.0160338
0.0160338
0.0160338
0.0160338
0.0160338
0.0160338
0.0160338
0.0160338
0.0160338
0.0160338
0.0160338
0.0160338
0.0160338
0.0160338
0.0160338
0.0160338
0.0160338
0.0160338
0.0160338
0.0160338
0.0160338
0.0160338
0.0160338
0.0160338
0.0160338
0.0160338
0.0160338
0.0160338
0.0160338
0.0160338
0.0160338
0.0160338
0.0160338
0.0160338
0.0160338
0.0160338
0.0160338
0.0160338
0.0160338
0.0160338
0.0160338
0.0160338
0.0160338
0.0160338
0.0160338
0.0160338
0.0160338
0.0160338
0.0160338
0.0160338
0.0160338
0.0160338
0.0160338
0.0160338
0.0160338
0.0160338
0.0160338
0.0160338
0.0160338
0.0160338
0.0160338
0.0160338
0.0160338
0.0160338
0.0160338
0.0160338
0.0160338
0.0160338
0.0160338
0.0160338
0.0160338
0.0160338
0.0160338
0.0160338
0.0160338
0.0160338
0.0160338
0.0160338
0.0160338
0.0160338
0.0160338
0.0160338
0.0160338
0.0160338
0.0160338
0.0160338
0.0160338
0.0160338
0.0160338
0.0160338
0.0160338
0.0160338
0.0160338
0.0160338
0.0160338
0.0160338
0.0160338
0.0160338
0.0160338
0.0160338
0.0160338
0.0160338
0.0160338
0.0160338
0.0160338
0.0160338
0.0160338
0.0160338
0.0160338
0.0160338
0.0160338
0.0160338
0.0160338
0.0160338
0.0160338
0.0160337
0.0160338
0.0160337
0.0160337
0.0160336
0.0160334
0.0160334
0.0160339
0.0160347
0.0160353
0.0160357
0.0160359
0.0160359
0.016036
0.016036
0.016036
0.016036
0.016036
0.016036
0.016036
0.016036
0.016036
0.016036
0.016036
0.016036
0.016036
0.016036
0.016036
0.016036
0.016036
0.016036
0.016036
0.016036
0.016036
0.016036
0.016036
0.016036
0.016036
0.016036
0.016036
0.016036
0.016036
0.016036
0.016036
0.016036
0.016036
0.016036
0.016036
0.016036
0.016036
0.016036
0.016036
0.016036
0.016036
0.016036
0.016036
0.016036
0.016036
0.016036
0.016036
0.016036
0.016036
0.016036
0.016036
0.016036
0.016036
0.016036
0.016036
0.016036
0.016036
0.016036
0.016036
0.016036
0.016036
0.016036
0.016036
0.016036
0.016036
0.016036
0.016036
0.016036
0.016036
0.016036
0.016036
0.016036
0.016036
0.016036
0.016036
0.016036
0.016036
0.016036
0.016036
0.016036
0.016036
0.016036
0.016036
0.016036
0.016036
0.016036
0.016036
0.016036
0.016036
0.016036
0.016036
0.016036
0.016036
0.016036
0.016036
0.016036
0.016036
0.016036
0.016036
0.016036
0.016036
0.016036
0.016036
0.016036
0.016036
0.016036
0.016036
0.016036
0.016036
0.016036
0.016036
0.016036
0.0160361
0.016036
0.016036
0.016036
0.016036
0.016036
0.016036
0.016036
0.016036
0.016036
0.016036
0.016036
0.016036
0.016036
0.016036
0.016036
0.016036
0.016036
0.016036
0.016036
0.016036
0.016036
0.016036
0.016036
0.016036
0.016036
0.016036
0.016036
0.016036
0.016036
0.016036
0.016036
0.016036
0.016036
0.0160361
0.016036
0.016036
0.0160361
0.016036
0.016036
0.016036
0.016036
0.016036
0.016036
0.016036
0.016036
0.016036
0.0160361
0.016036
0.0160361
0.016036
0.016036
0.0160361
0.016036
0.016036
0.0160361
0.016036
0.016036
0.016036
0.016036
0.016036
0.016036
0.016036
0.016036
0.016036
0.016036
0.016036
0.016036
0.016036
0.016036
0.016036
0.016036
0.016036
0.016036
0.0160359
0.0160358
0.0160356
0.0160357
0.0160364
0.0160372
0.0160377
0.016038
0.0160382
0.0160382
0.0160382
0.0160383
0.0160383
0.0160383
0.0160383
0.0160383
0.0160383
0.0160383
0.0160383
0.0160383
0.0160383
0.0160383
0.0160383
0.0160383
0.0160383
0.0160383
0.0160383
0.0160383
0.0160383
0.0160383
0.0160383
0.0160383
0.0160383
0.0160383
0.0160383
0.0160383
0.0160383
0.0160383
0.0160383
0.0160383
0.0160383
0.0160383
0.0160383
0.0160383
0.0160383
0.0160383
0.0160383
0.0160383
0.0160383
0.0160383
0.0160383
0.0160383
0.0160383
0.0160383
0.0160383
0.0160383
0.0160383
0.0160383
0.0160383
0.0160383
0.0160383
0.0160383
0.0160383
0.0160383
0.0160383
0.0160383
0.0160383
0.0160383
0.0160383
0.0160383
0.0160383
0.0160383
0.0160383
0.0160383
0.0160383
0.0160383
0.0160383
0.0160383
0.0160383
0.0160383
0.0160383
0.0160383
0.0160383
0.0160383
0.0160383
0.0160383
0.0160383
0.0160383
0.0160383
0.0160383
0.0160383
0.0160383
0.0160383
0.0160383
0.0160383
0.0160383
0.0160383
0.0160383
0.0160383
0.0160383
0.0160383
0.0160383
0.0160383
0.0160383
0.0160383
0.0160383
0.0160383
0.0160383
0.0160383
0.0160383
0.0160383
0.0160383
0.0160383
0.0160383
0.0160383
0.0160383
0.0160383
0.0160383
0.0160383
0.0160383
0.0160383
0.0160383
0.0160383
0.0160383
0.0160383
0.0160383
0.0160383
0.0160383
0.0160383
0.0160383
0.0160383
0.0160383
0.0160383
0.0160383
0.0160383
0.0160383
0.0160383
0.0160383
0.0160383
0.0160383
0.0160383
0.0160383
0.0160383
0.0160383
0.0160383
0.0160383
0.0160383
0.0160383
0.0160383
0.0160383
0.0160383
0.0160383
0.0160383
0.0160383
0.0160383
0.0160383
0.0160383
0.0160383
0.0160383
0.0160383
0.0160383
0.0160383
0.0160383
0.0160383
0.0160383
0.0160383
0.0160383
0.0160383
0.0160383
0.0160383
0.0160383
0.0160383
0.0160383
0.0160383
0.0160383
0.0160383
0.0160383
0.0160383
0.0160383
0.0160383
0.0160383
0.0160383
0.0160383
0.0160383
0.0160383
0.0160383
0.0160383
0.0160383
0.0160383
0.0160383
0.0160383
0.0160383
0.0160383
0.0160382
0.0160382
0.0160382
0.0160382
0.0160379
0.0160378
0.0160382
0.0160389
0.0160397
0.0160401
0.0160403
0.0160404
0.0160405
0.0160405
0.0160405
0.0160405
0.0160405
0.0160405
0.0160405
0.0160405
0.0160405
0.0160405
0.0160405
0.0160405
0.0160405
0.0160405
0.0160405
0.0160405
0.0160405
0.0160405
0.0160405
0.0160405
0.0160405
0.0160405
0.0160405
0.0160405
0.0160405
0.0160405
0.0160405
0.0160405
0.0160405
0.0160405
0.0160405
0.0160405
0.0160405
0.0160405
0.0160405
0.0160405
0.0160405
0.0160405
0.0160405
0.0160405
0.0160405
0.0160405
0.0160405
0.0160405
0.0160405
0.0160405
0.0160405
0.0160405
0.0160405
0.0160405
0.0160405
0.0160405
0.0160405
0.0160405
0.0160405
0.0160405
0.0160405
0.0160405
0.0160405
0.0160405
0.0160405
0.0160405
0.0160405
0.0160405
0.0160405
0.0160405
0.0160405
0.0160405
0.0160405
0.0160405
0.0160405
0.0160405
0.0160405
0.0160405
0.0160405
0.0160405
0.0160405
0.0160405
0.0160405
0.0160405
0.0160405
0.0160405
0.0160405
0.0160405
0.0160405
0.0160405
0.0160405
0.0160405
0.0160405
0.0160405
0.0160405
0.0160405
0.0160405
0.0160405
0.0160405
0.0160405
0.0160405
0.0160405
0.0160405
0.0160405
0.0160405
0.0160405
0.0160405
0.0160405
0.0160405
0.0160405
0.0160405
0.0160405
0.0160405
0.0160405
0.0160405
0.0160405
0.0160405
0.0160405
0.0160405
0.0160405
0.0160405
0.0160405
0.0160405
0.0160405
0.0160405
0.0160405
0.0160405
0.0160405
0.0160405
0.0160405
0.0160405
0.0160405
0.0160405
0.0160405
0.0160405
0.0160405
0.0160405
0.0160405
0.0160405
0.0160405
0.0160405
0.0160405
0.0160405
0.0160405
0.0160405
0.0160405
0.0160405
0.0160405
0.0160405
0.0160405
0.0160405
0.0160405
0.0160405
0.0160405
0.0160405
0.0160405
0.0160405
0.0160405
0.0160405
0.0160405
0.0160405
0.0160405
0.0160405
0.0160405
0.0160405
0.0160405
0.0160405
0.0160405
0.0160405
0.0160405
0.0160405
0.0160405
0.0160405
0.0160405
0.0160405
0.0160405
0.0160405
0.0160405
0.0160405
0.0160405
0.0160405
0.0160405
0.0160405
0.0160405
0.0160405
0.0160405
0.0160405
0.0160405
0.0160405
0.0160405
0.0160405
0.0160403
0.0160401
0.0160401
0.0160407
0.0160415
0.0160421
0.0160425
0.0160426
0.0160427
0.0160427
0.0160427
0.0160428
0.0160428
0.0160428
0.0160428
0.0160428
0.0160428
0.0160428
0.0160428
0.0160428
0.0160428
0.0160428
0.0160428
0.0160428
0.0160428
0.0160428
0.0160428
0.0160428
0.0160428
0.0160428
0.0160428
0.0160428
0.0160428
0.0160428
0.0160428
0.0160428
0.0160428
0.0160428
0.0160428
0.0160428
0.0160428
0.0160428
0.0160428
0.0160428
0.0160428
0.0160428
0.0160428
0.0160428
0.0160428
0.0160428
0.0160428
0.0160428
0.0160428
0.0160428
0.0160428
0.0160428
0.0160428
0.0160428
0.0160428
0.0160428
0.0160428
0.0160428
0.0160428
0.0160428
0.0160428
0.0160428
0.0160428
0.0160428
0.0160428
0.0160428
0.0160428
0.0160428
0.0160428
0.0160428
0.0160428
0.0160428
0.0160428
0.0160428
0.0160428
0.0160428
0.0160428
0.0160428
0.0160428
0.0160428
0.0160428
0.0160428
0.0160428
0.0160428
0.0160428
0.0160428
0.0160428
0.0160428
0.0160428
0.0160428
0.0160428
0.0160428
0.0160428
0.0160428
0.0160428
0.0160428
0.0160428
0.0160428
0.0160428
0.0160428
0.0160428
0.0160428
0.0160428
0.0160428
0.0160428
0.0160428
0.0160428
0.0160428
0.0160428
0.0160428
0.0160428
0.0160428
0.0160428
0.0160428
0.0160428
0.0160428
0.0160428
0.0160428
0.0160428
0.0160428
0.0160428
0.0160428
0.0160428
0.0160428
0.0160428
0.0160428
0.0160428
0.0160428
0.0160428
0.0160428
0.0160428
0.0160428
0.0160428
0.0160428
0.0160428
0.0160428
0.0160428
0.0160428
0.0160428
0.0160428
0.0160428
0.0160428
0.0160428
0.0160428
0.0160428
0.0160428
0.0160428
0.0160428
0.0160428
0.0160428
0.0160428
0.0160428
0.0160428
0.0160428
0.0160428
0.0160428
0.0160428
0.0160428
0.0160428
0.0160428
0.0160428
0.0160428
0.0160428
0.0160428
0.0160428
0.0160428
0.0160428
0.0160428
0.0160428
0.0160428
0.0160428
0.0160428
0.0160428
0.0160428
0.0160428
0.0160428
0.0160428
0.0160428
0.0160428
0.0160428
0.0160428
0.0160428
0.0160428
0.0160428
0.0160428
0.0160428
0.0160428
0.0160428
0.0160427
0.0160428
0.0160427
0.0160426
0.0160425
0.0160423
0.0160426
0.0160433
0.0160441
0.0160446
0.0160448
0.0160449
0.016045
0.016045
0.016045
0.016045
0.016045
0.016045
0.016045
0.016045
0.016045
0.016045
0.016045
0.016045
0.016045
0.016045
0.016045
0.016045
0.016045
0.016045
0.016045
0.016045
0.016045
0.016045
0.016045
0.016045
0.016045
0.016045
0.016045
0.016045
0.016045
0.016045
0.016045
0.016045
